1    403167  1.33

2    403925  1.00

3    404686  1.08

4    405444  1.30

5    406202  1.40

6    406961  8.22

7    407723  1.62

8    408482  1.15

0    409262  0.83

1    410021  1.33

2    410779  1.00

3    411547  1.10

4    412308  1.30

5    413066  1.40

6    413825  8.21

7    414583  1.61

8    415341  1.15

0    416126  0.84

1    416884  1.33

2    417643  0.99

3    418401  1.09

4    419160  1.30

5    419920  1.40

5    420674  1.39

6    421433  8.24

7    422191  1.62

8    422950  1.15

0    423744  0.84

1    424503  1.33

2    425261  1.01

3    426019  1.09

4    426788  1.30

5    427546  1.40

6    428305  8.24

7    429063  1.62

8    429821  1.15

0    430606  0.84

1    431364  1.33

2    432123  1.00

3    432881  1.08

4    433640  1.30

5    434400  1.40

6    435168  8.25

7    435927  1.62

8    436685  1.15

0    437470  0.84

1    438228  1.33

2    438987  1.01

3    439745  1.08

4    440503  1.30

5    441262  1.40

6    442022  8.29

7    442781  1.62

8    443539  1.15

0    444323  0.84

1    445082  1.33

2    445840  1.00

3    446599  1.10

4    447367  1.30

5    448126  1.40

6    448884  8.22

7    449637  1.63

8    450396  1.15

0    451180  0.84

1    451939  1.33

2    452697  1.01

3    453455  1.10

4    454214  1.30

5    454972  1.40

6    455731  8.22

7    456624  1.62

8    457567  1.15

0    458706  0.84

1    459490  1.33

2    460260  1.01

3    461029  1.09

4    461800  1.30

5    462569  1.40

6    463338  8.26

7    464108  1.61

8    464880  1.15

0    465678  0.83

1    466447  1.33

2    467220  1.00

3    467990  1.09

4    468759  1.30

5    469529  1.40

6    470298  8.22

7    471069  1.62

8    471849  1.15

0    472644  0.84

1    473414  1.33

2    474183  1.00

3    474953  1.09

4    475726  1.30

5    476495  1.40

6    477265  8.22

7    478034  1.62

8    478804  1.15

0    479596  0.84

0    480365  0.84

1    481134  1.33

2    481903  1.00

3    482673  1.10

4    483457  1.38

5    484228  1.54

6    484997  9.19

7    485767  1.92

8    486536  1.38

0    487339  0.98

1    488110  1.68

2    488879  1.29

3    489649  1.43

4    490422  1.91

5    491191  2.10

6    491962  11.65

7    492731  2.45

8    493501  1.78

0    494293  1.22

1    495066  2.14

2    495850  1.66

3    496619  1.76

4    497389  2.50

5    498158  2.72

6    498928  14.35

7    499697  3.05

8    500466  2.24

0    501260  1.46

1    502033  2.65

2    502806  2.07

3    503575  2.11

4    504345  3.14

5    505114  3.38

6    505883  16.87

7    506653  3.73

8    507422  2.74

0    508231  1.72

1    509000  3.22

2    509770  2.55

3    510542  2.48

4    511311  3.88

5    512081  4.11

6    512850  20.14

7    513620  4.51

8    514389  3.32

0    515185  2.01

1    515955  3.85

2    516724  3.09

3    517632  2.90

4    518401  4.77

5    519172  4.98

6    519952  23.51

7    520722  5.37

8    521490  3.99

0    522287  2.33

1    523057  4.64

2    523826  3.74

3    524596  3.39

4    525368  5.82

5    526138  5.96

6    526907  28.56

7    527676  6.37

8    528446  4.75

0    529242  2.71

1    530012  5.51

2    530781  4.49

3    531550  3.92

4    532334  7.00

5    533103  7.10

6    533874  32.27

7    534643  7.57

8    535417  5.63

0    536209  3.12

1    536978  6.58

2    537749  5.38

3    538518  4.52

4    539288  8.54

5    540057  8.41

5    540829  8.60

6    541599  40.90

7    542368  9.16

8    543138  6.71

0    543941  3.66

1    544712  7.90

2    545481  6.51

3    546243  5.31

4    547028  10.35

5    547797  10.19

6    548567  47.26

7    549336  10.74

8    550105  7.93

0    550903  4.24

1    551672  9.44

2    552442  7.75

3    553211  6.14

4    553981  12.62

5    554753  12.07

6    555537  54.40

7    556307  12.73

8    557076  9.30

0    557874  4.87

1    558643  11.15

2    559413  9.17

3    560182  7.05

4    560951  15.17

5    561722  14.28

6    562498  62.24

7    563268  14.92

8    564037  10.88

0    564835  5.60

1    565604  13.37

2    566373  10.90

3    567144  8.17

4    567924  18.17

5    568699  16.66

6    569467  71.16

7    570240  17.73

8    571010  12.92

0    571806  6.42

1    572581  15.54

2    573350  12.76

3    574125  9.42

4    574894  21.47

5    575663  19.55

6    576433  81.47

7    577642  20.56

8    578415  15.13

0    579208  7.46

1    579988  18.58

2    580761  15.32

3    581531  10.84

4    582300  26.64

5    583071  22.74

6    583844  94.27

7    584613  24.50

8    585387  17.55

0    586183  8.49

1    586953  22.23

2    587722  17.59

3    588493  12.57

4    589266  31.29

5    590035  27.25

6    590806  107.24

7    591586  29.02

8    592361  21.01

0    593156  9.73

1    593930  26.54

2    594699  20.56

3    595468  14.55

4    596239  40.10

5    597012  31.43

6    597783  122.99

7    598552  34.56

8    599325  24.08

0    600118  11.12

0    600886  11.21

1    601661  32.60

2    602441  24.94

3    603212  16.87

4    603985  47.35

5    604754  37.00

6    605525  142.00

7    606294  40.86

8    607079  28.22

0    607872  12.95

1    608641  37.76

2    609410  29.02

3    610179  19.22

4    610950  54.62

5    611723  42.85

6    612494  161.37

7    613263  46.92

8    614049  33.45

0    614844  14.71

1    615613  43.79

2    616388  34.56

3    617157  22.52

4    617928  63.41

5    618701  49.44

6    619470  184.00

7    620240  53.60

8    621009  38.49

0    621807  16.91

1    622578  50.24

2    623353  38.81

3    624122  25.95

4    624891  72.71

5    625673  56.65

6    626446  206.34

7    627217  60.80

8    627986  43.97

0    628784  19.00

1    629553  57.72

2    630325  44.46

3    631100  27.25

4    631869  83.34

5    632639  64.85

6    633412  232.71

7    634181  69.10

8    634952  50.14

0    635748  21.74

1    636519  66.33

2    637454  51.10

3    638229  34.08

4    639000  95.99

5    639769  74.29

6    640538  263.50

7    641313  78.48

8    642082  57.32

0    642879  24.94

1    643648  75.61

2    644417  58.63

3    645195  41.67

4    645964  109.70

5    646735  85.25

6    647508  296.95

7    648279  88.88

8    649059  64.85

0    649855  28.56

1    650626  86.44

2    651395  66.46

3    652170  46.97

4    652942  125.51

5    653713  96.87

6    654486  329.23

7    655255  99.65

8    656025  73.14

0    656821  33.15

1    657592  98.64

2    658365  75.83

3    659136  52.55

4    659916  142.95

4    660688  143.92

5    661459  111.54

6    662228  376.11

7    663003  114.12

8    663772  84.00

0    664570  39.97

1    665339  113.29

2    666112  87.22

3    667042  59.62

4    667812  165.02

5    668585  127.27

6    669356  417.12

7    670125  127.96

8    670900  94.65

0    671707  44.42

1    672478  129.49

2    673247  99.04

3    674020  66.72

4    674794  185.38

5    675563  143.76

6    676338  466.47

7    677107  142.79

8    677880  106.58

0    678674  49.64

1    679447  145.71

2    680218  111.88

3    680991  74.36

4    681762  209.07

5    682545  162.13

6    683312  514.55

7    684083  159.31

8    684856  119.64

0    685654  55.05

1    686423  165.41

2    687194  126.32

3    687967  83.17

4    688736  234.67

5    689511  182.19

6    690283  575.09

7    691053  177.34

8    691826  133.20

0    692625  61.58

1    693394  185.38

2    694174  142.16

3    694949  92.40

4    695718  263.90

5    696494  205.27

6    697421  802.45

7    698190  196.95

8    698965  149.89

0    699761  68.03

1    700532  207.43

2    701301  160.62

3    702074  103.25

4    702845  296.95

5    703618  228.23

6    704389  891.06

7    705176  218.48

8    705947  166.59

0    706743  75.24

1    707512  232.06

2    708287  179.74

3    709056  114.84

4    709831  333.82

5    710600  255.41

6    711369  985.94

7    712147  239.69

8    712916  185.61

0    713714  82.93

1    714481  260.76

2    715252  201.56

3    716033  127.41

4    716806  366.41

5    717577  287.18

6    718350  1088.78

7    719121  264.69

8    719897  206.34

8    720664  209.63

0    721460  92.59

1    722229  293.17

2    723004  226.36

3    723774  142.79

4    724549  413.76

5    725318  320.37

6    726093  1214.74

7    727022  296.95

8    727807  231.10

0    728600  102.73

1    729367  328.10

2    730136  251.33

3    730911  158.76

4    731674  458.39

5    732449  353.91

6    733218  1330.38

7    733985  323.65

8    734759  258.45

0    735555  111.77

1    736324  362.39

2    737093  280.51

3    737864  174.77

4    738641  500.29

5    739410  395.33

6    740178  1466.31

7    740947  356.48

8    741722  283.15

0    742515  122.73

1    743286  395.33

2    744059  312.41

3    744822  192.73

4    745597  554.95

5    746366  436.46

6    747134  1604.79

7    747903  385.52

8    748672  315.03

0    749473  135.70

1    750249  438.29

2    751020  347.61

3    751787  211.86

4    752558  617.86

5    753331  480.15

6    754094  1749.58

7    754869  424.85

8    755638  350.74

0    756432  148.53

1    757358  482.32

2    758125  382.58

3    758896  233.69

4    759669  900.90

5    760444  524.47

6    761217  1916.04

7    761986  468.53

8    762755  386.26

0    763548  160.81

1    764329  537.35

2    765096  420.53

3    765866  257.30

4    766637  998.66

5    767410  579.58

6    768180  2091.36

7    768953  495.68

8    769887  432.83

0    770693  177.34

1    771485  596.58

2    772270  463.41

3    773050  280.07

4    773831  1114.65

5    774611  631.65

6    775391  2287.58

7    776172  541.32

8    776948  484.50

0    777757  193.96

1    778537  817.24

2    779318  508.52

3    780101  308.81

3    780871  310.86

4    781652  1259.46

5    782441  862.97

6    783227  2508.68

7    784003  606.24

8    784788  546.70

0    785588  211.30

1    786373  921.76

2    787161  572.14

3    787942  340.30

4    788723  1406.90

5    789504  962.85

6    790286  2743.82

7    791066  844.94

8    791846  614.50

0    792652  228.87

1    793445  1031.61

2    794225  631.65

3    795008  371.91

4    795789  1585.71

5    796569  1079.22

6    797346  3000.00

7    798124  930.04

8    798906  960.95

0    799713  245.58

1    800489  1157.97

2    801275  861.24

3    802052  402.37

4    802838  1794.52

5    803616  1217.12

6    804409  3275.41

7    805189  1026.55

8    805969  1113.56

0    806778  266.69

1    807559  1296.95

2    808338  968.58

3    809121  442.00

4    809900  2032.89

5    810686  1371.43

6    811466  3584.81

7    812248  1136.66

8    813028  1280.57

0    813834  284.93

1    814614  1460.53

2    815407  1090.91

3    816192  471.65

4    817118  2300.00

5    817880  1552.94

6    818631  3929.44

7    819394  1257.00

8    820156  1451.92

0    820941  310.86

1    821699  1648.70

2    822463  1230.27

3    823221  513.34

4    823983  2639.06

5    824750  1763.81

6    825508  4302.80

7    826281  1391.77

8    827039  1619.28

0    827824  328.10

1    828586  1880.88

2    829349  1389.04

3    830107  560.58

4    830869  2989.26

5    831628  2005.48

6    832392  4756.36

7    833155  1543.72

8    833913  1781.80

0    834697  354.55

1    835460  2133.79

2    836212  1574.70

3    836986  607.87

4    837748  3371.16

5    838508  2285.11

6    839270  5198.44

7    840031  1718.05

7    840791  1733.73

8    841553  1935.93

0    842339  377.54

1    843097  2469.90

2    843854  1803.67

3    844612  937.45

4    845374  3840.00

5    846294  2618.18

6    847052  5750.49

7    847824  1918.02

8    848584  2084.76

0    849368  404.77

1    850131  2841.12

2    850893  2069.46

3    851653  1022.52

4    852415  4296.65

5    853173  3003.59

6    853940  6442.30

7    854702  2151.98

8    855461  2210.13

0    856245  429.25

1    857009  3291.77

2    857781  2360.87

3    858539  1107.04

4    859302  4792.68

5    860060  3435.85

6    860823  7058.82

7    861588  2400.00

8    862347  2340.35

0    863131  460.39

1    863893  3783.77

2    864656  2706.20

3    865414  1208.82

4    866178  5215.14

5    866936  3897.51

6    867699  7734.54

7    868471  2693.82

8    869232  2472.65

0    870018  486.70

1    870780  4302.80

2    871548  3084.22

3    872306  1320.00

4    873070  5701.68

5    873828  4441.79

6    874584  8530.69

7    875514  2953.85

8    876272  2600.46

0    877056  513.34

1    877820  4950.19

2    878582  3520.46

3    879351  1453.35

4    880113  6222.96

5    880872  5028.14

6    881634  9058.87

7    882396  3308.26

8    883159  2706.20

0    883943  556.35

1    884706  5587.29

2    885468  4050.00

3    886227  1600.00

4    886989  6624.84

5    887747  5711.39

6    888510  9744.32

7    889282  3665.35

8    890041  2837.80

0    890824  590.30

1    891580  6234.19

2    892328  4601.65

3    893079  1754.90

4    893831  7072.73

5    894578  6490.14

6    895330  1.00

7    896076  3945.55

8    896829  2950.34

0    897602  619.56

1    898351  6882.24

2    899103  5190.12

3    899860  1929.94

3    900608  1950.00

4    901359  7436.20

5    902107  7360.98

6    902858  1.00

7    903604  4358.82

8    904647  3121.90

0    905427  900.00

1    906174  7543.77

2    906927  5840.12

3    907673  2140.58

4    908431  7849.73

5    909178  8213.79

6    909931  1.00

7    910691  4741.96

8    911438  3187.50

0    912215  945.85

1    912966  8124.48

2    913715  6490.14

3    914466  2325.11

4    915214  8286.49

5    915965  9123.53

6    916712  1.00

7    917463  5157.05

8    918214  3304.12

0    918988  1006.56

1    919738  8747.37

2    920490  7058.82

3    921247  2548.28

4    921998  8530.69

5    922747  10019.18

6    923498  1.00

7    924246  5476.63

8    924985  3409.76

0    925748  1078.16

1    926488  9322.48

2    927227  7654.05

3    927968  2801.63

4    928704  8767.55

5    929446  1.00

6    930181  1.00

7    930920  5820.00

8    931668  3566.25

0    932430  1137.77

1    933330  9647.68

2    934066  8286.49

3    934799  3010.80

4    935546  8995.02

5    936286  1.00

6    937016  1.00

7    937748  6245.46

8    938475  3699.30

0    939226  1192.41

1    939951  1.00

2    940683  8608.39

3    941409  3164.12

4    942155  9016.22

5    942886  1.00

6    943626  1.00

7    944361  6211.76

8    945101  3580.16

0    945865  1191.24

1    946601  9576.32

2    947342  8071.70

3    948081  3084.22

4    948821  8323.25

5    949559  1.00

6    950299  1.00

7    951040  5770.21

8    951790  3414.08

0    952574  1180.81

1    953321  8787.81

2    954074  7390.91

3    954825  2978.57

4    955574  7816.51

5    956326  9482.61

6    957073  1.00

7    957824  5550.00

8    958571  3341.59

0    959344  1173.91

1    960096  8089.23

1    960843  8124.48

2    961808  6895.55

3    962567  2905.26

4    963335  7375.92

5    964098  8647.70

6    964860  9600.00

7    965619  5215.14

8    966381  3207.17

0    967166  1154.58

1    967928  7575.00

2    968686  6563.03

3    969452  2837.80

4    970214  6895.55

5    970973  8195.79

6    971735  8767.55

7    972497  4881.68

8    973257  3102.98

0    974051  1146.70

1    974815  7142.95

2    975573  6245.46

3    976336  2775.73

4    977101  6587.64

5    977861  7686.07

6    978623  8341.75

7    979385  4706.25

8    980145  3039.86

0    980929  1142.23

1    981692  6738.61

2    982454  6037.11

3    983212  2731.20

4    983985  6256.75

5    984750  5880.69

6    985510  8124.48

7    986272  4302.80

8    987036  2766.10

0    987820  1140.00

1    988580  6624.84

2    989342  5750.49

3    990104  2684.58

4    991261  6037.11

5    992023  7044.97

6    992781  7575.00

7    993545  4467.82

8    994307  2971.48

0    995102  1135.55

1    995860  6211.76

2    996623  5449.53

3    997385  2612.26

4    998143  5850.22

5    998909  6751.46

6    999671  7228.82

7    1000431  4308.97

8    1001193  2898.42

0    1001979  1133.33

1    1002741  6026.47

2    1003503  5308.61

3    1004266  2585.82

4    1005038  5606.09

5    1005802  6466.15

6    1006563  6868.97

7    1007326  4182.26

8    1008088  2831.17

0    1008872  1115.74

1    1009635  5730.89

2    1010397  5059.87

3    1011160  2525.55

4    1011922  5343.27

5    1012685  6123.40

6    1013443  6526.41

7    1014208  4016.56

8    1014971  2766.10

0    1015765  1115.74

1    1016528  5494.82

2    1017290  4911.94

3    1018054  2475.39

4    1018816  5116.20

5    1019578  5890.91

6    1020350  6200.60

6    1021108  6156.29

7    1021871  3886.96

8    1022633  2700.00

0    1023419  1105.96

1    1024181  5325.90

2    1024943  4763.59

3    1025716  2434.62

4    1026474  4950.19

5    1027237  5625.00

6    1028001  5880.69

7    1028764  3783.77

8    1029526  2675.39

0    1030310  1101.64

1    1031067  5108.09

2    1031829  4622.27

3    1032593  2381.63

4    1033351  4770.84

5    1034115  5378.31

6    1034877  5701.68

7    1035651  3670.17

8    1036415  2621.15

0    1037199  1096.26

1    1037962  4981.13

2    1038724  4527.27

3    1039488  2345.45

4    1040246  4636.10

5    1041008  5274.31

6    1041771  5494.82

7    1042536  3594.15

8    1043300  2603.41

0    1044084  1100.56

1    1044847  4874.17

2    1045619  4435.32

3    1046379  2330.17

4    1047141  4500.70

5    1047903  5116.20

6    1048666  5325.90

7    1049690  3520.46

8    1050452  2556.88

0    1051237  1087.71

1    1051999  4685.03

2    1052762  4223.84

3    1053520  2287.58

4    1054282  4390.44

5    1055046  5004.54

6    1055818  5165.29

7    1056584  3457.82

8    1057346  2539.73

0    1058131  1085.58

1    1058893  4608.51

2    1059655  4176.37

3    1060419  2270.34

4    1061181  4229.83

5    1061944  4836.86

6    1062706  4996.72

7    1063469  3375.42

8    1064233  2503.09

0    1065017  1085.58

1    1065791  4513.95

2    1066549  4083.87

3    1067306  2246.00

4    1068068  4176.37

5    1068831  4713.36

6    1069593  4859.19

7    1070355  3329.03

8    1071119  2486.42

0    1071906  1087.71

1    1072669  4409.59

2    1073427  4022.10

3    1074190  2224.39

4    1074952  4066.88

5    1075724  4636.10

6    1076487  4792.68

7    1077249  3267.27

8    1078020  2461.70

0    1079008  1075.00

1    1079770  4290.50

2    1080530  3913.42

2    1081288  3945.55

3    1082051  2184.30

4    1082813  3994.50

5    1083575  4500.70

6    1084339  4650.00

7    1085097  3219.06

8    1085873  2442.70

0    1086661  1075.00

1    1087420  4260.00

2    1088182  3876.45

3    1088945  2177.32

4    1089707  3892.23

5    1090469  4403.19

6    1091233  4594.81

7    1091991  3171.89

8    1092754  2429.25

0    1093541  1075.00

1    1094304  4147.12

2    1095066  3834.84

3    1095838  2140.58

4    1096601  3804.07

4    1097358  3778.72

4    1098117  3804.07

5    1098875  4358.82

6    1099638  4461.29

7    1100400  3121.90

8    1101165  2386.86

0    1101951  1072.90

1    1102713  4095.26

2    1103476  3728.79

3    1104238  2118.03

4    1104998  3758.63

5    1105760  4229.83

6    1106526  4352.54

7    1107560  3054.55

8    1108322  2392.11

0    1109106  1066.61

1    1109869  3994.50

2    1110631  3684.69

3    1111394  2084.76

4    1112152  3675.00

5    1112916  4129.72

6    1113678  4241.86

